287.5
290.5
290.6
291.5
293.1
291.6
292.3
290.1
294.0
291.3
292.1
292.2
290.4
294.7
291.8
290.8
291.8
292.0
292.0
289.8
290.7
291.8
294.4
292.2
273.6
291.6
292.6
294.8
292.7
292.5
291.3
293.9
292.4
292.7
291.6
291.8
294.0
290.7
291.7
290.8
293.1
290.9
291.6
292.0
289.7
294.1
292.1
290.2
291.3
292.0
292.4
289.6
291.1
292.1
289.3
292.6
290.9
290.7
293.6
291.9
291.7
289.4
292.0
292.2
291.5
290.4
291.5
290.8
292.7
288.8
291.7
291.7
293.9
291.8
292.3
290.5
290.0
294.7
292.5
291.9
291.0
293.1
290.9
290.2
292.2
289.9
292.9
292.2
290.8
292.5
293.1
289.9
292.4
292.4
289.5
294.1
292.1
290.3
292.7
292.7
290.4
292.2
291.7
290.2
294.5
288.8
291.0
292.3
290.6
292.3
291.9
286.2
288.7
294.3
290.6
292.0
291.0
290.8
294.5
291.8
290.9
291.2
292.8
292.5
291.8
292.2
291.5
293.0
291.4
292.1
292.2
293.0
292.7
291.8
288.2
292.3
293.6
290.9
292.5
290.9
294.5
291.2
290.7
292.9
291.8
295.2
293.3
293.1
292.1
294.5
291.9
292.9
291.7
292.5
293.5
292.7
290.9
289.0
290.2
293.3
289.5
290.7
289.3
293.7
291.6
291.6
290.3
292.2
294.3
291.4
282.6
291.2
291.2
292.6
293.2
292.7
292.9
293.3
292.0
289.4
292.0
294.7
292.3
291.5
290.7
291.3
292.0
288.3
292.1
291.2
294.6
292.1
290.2
292.7
290.6
294.1
289.8
292.4
292.4
294.7
292.2
291.8
292.3
290.0
292.0
292.2
292.6
289.8
291.7
294.2
292.0
290.5
291.2
293.0
292.9
292.4
291.2
292.1
292.5
291.6
291.7
291.5
292.9
291.8
291.9
290.5
290.7
294.6
290.3
285.3
290.4
53.3
51.7
83.7
83.3
89.8
83.4
82.4
82.0
91.5
83.0
82.4
89.9
83.1
83.4
86.9
66.9
63.5
87.0
43.5
100.4
51.8
62.2
66.0
48.9
95.1
45.2
115.1
47.9
53.8
59.0
56.3
55.0
55.7
54.9
55.3
55.8
55.1
55.7
55.6
55.8
55.1
55.3
55.4
55.4
63.0
77.0
78.3
75.6
82.6
81.7
85.0
81.4
82.4
85.6
79.8
83.3
85.8
79.5
83.7
85.1
82.9
83.6
82.9
82.4
84.2
83.9
82.4
83.2
82.6
82.3
83.4
83.9
82.2
83.1
85.3
83.5
82.9
84.5
84.2
82.7
82.8
83.6
83.0
83.7
84.0
84.2
83.0
83.7
82.7
81.1
82.2
84.1
81.7
82.9
82.6
82.2
83.0
83.6
82.5
82.7
83.9
82.5
82.0
83.5
83.1
81.6
83.1
84.0
82.8
83.0
84.2
83.2
82.4
83.5
83.7
82.7
83.9
83.8
83.2
84.0
84.2
83.1
83.7
84.4
83.5
82.4
83.7
83.7
82.5
84.1
83.6
81.5
83.6
84.7
84.3
82.9
83.2
83.0
81.9
82.8
83.6
86.0
84.0
83.1
82.0
91.1
83.9
82.9
90.0
83.2
83.9
82.6
89.5
83.5
82.4
91.0
83.8
83.1
90.1
83.7
83.4
81.2
91.6
83.6
83.0
90.9
83.9
82.8
90.4
83.3
83.6
82.1
91.7
81.7
82.5
90.4
83.9
83.8
84.3
88.4
83.0
82.3
90.8
83.7
83.0
90.1
83.7
84.7
82.4
90.8
84.3
83.0
90.7
83.9
83.4
90.8
83.8
82.6
82.6
91.7
84.0
83.1
90.8
83.8
83.5
87.3
86.3
83.5
83.2
90.7
83.8
83.0
90.2
83.6
83.9
82.4
90.8
83.8
83.0
91.5
83.6
83.1
90.0
82.9
82.8
81.9
92.0
84.1
83.0
90.4
84.2
83.4
89.6
84.3
83.6
82.6
91.4
84.5
82.7
90.1
83.5
83.3
83.0
89.6
81.8
81.5
89.8
79.2
82.3
89.1
83.1
83.6
81.5
91.0
83.2
82.2
90.5
83.4
82.8
90.4
82.2
82.5
79.5
88.7
82.2
82.6
90.6
82.9
82.6
83.7
89.4
83.7
82.7
91.4
83.9
83.1
90.1
85.0
84.3
81.9
86.6
83.4
82.6
90.7
83.4
82.9
89.9
83.9
82.5
82.4
91.0
84.2
83.1
89.8
83.5
82.9
86.8
87.1
84.1
83.1
89.1
83.6
82.9
89.8
83.5
83.2
81.6
90.4
83.8
82.6
91.7
84.2
83.1
90.4
83.0
82.0
81.1
90.1
81.1
76.7
89.3
83.8
83.7
88.8
84.0
82.8
82.0
90.4
83.5
82.7
90.4
83.8
84.0
82.8
90.0
83.9
82.9
90.4
83.5
83.0
89.2
83.8
82.2
81.1
90.7
83.4
82.8
90.3
83.6
83.0
90.7
82.8
83.8
82.7
90.9
84.0
82.6
90.2
83.6
83.8
84.1
89.1
83.6
82.9
91.1
83.9
83.2
90.3
83.5
84.3
82.6
91.0
83.6
82.6
90.9
83.9
83.5
89.7
84.2
84.8
83.5
87.4
84.4
83.4
90.4
83.1
83.2
85.7
83.1
83.0
82.3
91.1
83.9
83.1
90.4
84.4
85.2
83.0
87.3
83.6
82.5
91.3
83.7
83.3
90.7
83.5
82.9
82.0
91.0
83.7
82.1
90.7
83.4
83.1
88.1
83.7
83.5
82.7
90.4
84.1
82.9
90.3
83.8
84.0
83.1
90.6
84.1
82.8
90.9
83.0
83.0
89.8
84.2
83.9
81.3
91.3
83.2
82.6
89.3
83.2
83.1
91.3
82.2
83.9
82.6
90.7
83.9
83.0
90.6
83.6
83.2
84.0
83.3
83.9
82.8
91.2
84.0
82.8
90.1
82.9
83.9
81.9
90.8
83.8
82.8
90.4
82.9
82.9
89.3
83.4
83.2
82.3
91.7
83.7
83.0
89.9
83.2
83.8
85.7
87.3
83.5
82.3
90.6
83.6
82.3
90.1
84.1
83.6
76.2
90.6
83.0
82.2
90.4
83.3
82.7
90.4
83.8
83.4
81.9
91.3
83.5
82.5
89.9
83.1
83.5
88.5
85.1
83.9
82.9
92.1
85.2
83.9
88.3
83.4
84.1
83.3
90.9
84.2
82.5
90.9
83.6
83.3
90.1
83.7
84.3
82.2
91.0
83.6
76.8
89.6
83.5
83.5
91.5
83.4
83.9
82.6
91.3
83.8
82.9
89.3
83.6
82.4
83.0
89.4
82.8
81.9
90.3
83.7
83.0
90.6
83.8
83.5
80.0
90.5
83.1
82.3
90.7
83.4
83.1
89.7
83.4
83.4
80.5
92.4
85.1
84.1
87.6
83.1
77.3
86.0
87.9
84.0
82.6
89.8
83.4
82.4
90.1
83.9
83.4
82.3
91.1
83.9
82.8
91.1
83.5
82.6
90.0
83.8
82.8
82.0
91.5
83.4
82.3
89.7
83.8
83.7
88.1
84.3
84.1
82.9
90.5
84.4
82.7
89.4
82.6
84.2
82.8
90.0
84.1
76.5
90.9
83.7
83.6
90.3
84.5
85.1
83.1
87.5
83.4
82.9
89.7
82.9
82.4
90.2
83.2
83.2
82.0
91.0
83.8
83.2
90.3
83.7
83.6
83.4
90.1
84.0
82.8
90.9
84.0
82.6
90.1
83.2
84.5
81.6
91.5
83.8
82.7
82.5
83.8
83.6
89.8
83.3
83.5
82.2
91.2
84.0
82.2
89.9
83.4
83.7
85.9
89.2
85.5
84.4
84.2
83.6
82.8
88.1
83.3
83.0
82.2
90.3
83.2
83.4
90.6
83.6
75.8
82.2
84.7
84.8
83.4
93.5
82.9
82.7
90.6
83.8
83.6
88.0
85.6
83.9
82.9
90.9
84.5
83.0
90.3
83.5
83.2
81.9
90.0
83.9
75.2
91.1
83.4
